1.000000e-100    nan
4.000000e-03    nan
8.000000e-03    nan
1.200000e-02    nan
1.600000e-02    nan
2.000000e-02    nan
2.400000e-02    nan
2.800000e-02    nan
3.200000e-02    nan
3.600000e-02    nan
4.000000e-02    nan
4.400000e-02    nan
4.800000e-02    nan
5.200000e-02    nan
5.600000e-02    nan
6.000000e-02    nan
6.400000e-02    nan
6.800000e-02    nan
7.200000e-02    nan
7.600000e-02    nan
8.000000e-02    nan
8.400000e-02    nan
8.800000e-02    nan
9.200000e-02    nan
9.600000e-02    nan
1.000000e-01    nan
1.040000e-01    nan
1.080000e-01    nan
1.120000e-01    nan
1.160000e-01    nan
1.200000e-01    nan
1.240000e-01    nan
1.280000e-01    nan
1.320000e-01    nan
1.360000e-01    nan
1.400000e-01    nan
1.440000e-01    nan
1.480000e-01    nan
1.520000e-01    nan
1.560000e-01    nan
1.600000e-01    nan
1.640000e-01    nan
1.680000e-01    nan
1.720000e-01    nan
1.760000e-01    nan
1.800000e-01    nan
1.840000e-01    nan
1.880000e-01    nan
1.920000e-01    nan
1.960000e-01    nan
